IP1 IP2
00595 16691
44155 65695
79513 04305
37160 83604
57234 91423
47316 36072
26678 94661
41739 26797
65537 94385
22147 98044
70156 13176
33199 09466
16542 10289
39539 45600
50276 58262
13405 27311
69084 54430
92687 30984
17259 94310
02330 07955
09962 02439
52991 81201
58869 54767
29291 57256
01145 95789
67675 29184
71248 90377
71372 20099
92456 65889
16417 10523
24145 88587
92519 99268
01055 36198
75170 64556
06623 13541
47964 31984
90920 35586
67330 78502
60968 20378
16323 70909
32004 84816
60414 08088
39347 27400
59909 29539
75720 72398
82607 04061
74783 90907
20526 21245
72415 16230
29940 07915
47252 95715
91926 68546
19568 05177
95030 03004
45535 93560
73874 76459
57848 32361
67590 05504
50392 53913
88040 01384
36857 80949
40897 82069
95643 04103
64028 93020
77858 89672
27579 36522
84128 56475
80781 57939
36806 75235
42010 03737
65458 81649
72182 53894
36272 10115
94700 46727
95547 45284
01944 46064
97199 66216
89527 40095
49967 81257
97998 42321
39824 83224
21706 43401
62654 86853
54874 77800
64760 32653
81588 48654
37758 71001
30079 78662
70618 96271
17565 66739
01078 13584
84571 29071
75651 11314
68635 32559
56330 23874
85786 55699
94972 27247
37084 44764
07068 08634
40500 10751 
