NAME,PAN
Patrick,523 78267 32821 956
Diana,515333 800428 3063
Doris,5553 2047 8453 5278
Steel,5431688442308672
Cathleen,516 43714 98430 657
Kuame,514900 9399840521
Audra,557681 741177 3732
Alden,5406 7557 2964 4516
Bethany,547983 7670578406
Breanna,5569 6350 5506 7537
Karyn,524 79818 96517 706
Hall,530306 2442049824
Kennedy,5275423599618965
Emi,544762 7021577770
Lila,548000 1119606222
Sydney,538 95251 72203 420
Angelica,549179 175315 1553
Rhoda,5560 5768 7141 8273
Shelley,534 40997 10245 529
Cody,525783 6773824426
Donovan,5452676466988002
Wang,543 03809 48857 581
Clayton,545402 5025783314
Linus,5243989430399022
Rhea,5337 0829 0693 9591
Dorothy,5502 5585 4048 1339
Jermaine,5554389616178097
Maxine,5127144685177340
Maryam,5440759681544258
Brittany,5178 3809 5800 1886
Ezra,525 41849 53033 820
Jena,5487360976138684
Uta,551 63356 99538 472
Daquan,529 06323 03252 173
Angela,530398 522231 5645
Gemma,510318 7584289300
Caesar,536353 475620 3780
Oprah,551687 5355814055
Colette,5409 7822 4707 3157
Cole,513 31688 21233 107
Jermaine,541327 057769 5363
Cherokee,535145 962008 6027
Lunea,549953 3904504526
Patience,524120 0380364665
Madonna,528592 336443 1013
Ivy,5101608854280770
Deirdre,5167 8692 2732 4197
Addison,513843 911625 7571
Rhonda,5584021971304703
Lillith,5173507206876298
Fitzgerald,5260 4229 4795 5324
Phelan,519889 3307672450
Miriam,550752 8499552815
Odessa,538315 692462 9468
Maggy,533 05683 96648 533
Shoshana,516617 843880 1352
Dorian,5302 0239 4526 4980
Mohammad,5530541946852473
Wilma,532202 1573080815
Brock,553 27192 78176 004
Madison,537 99058 48601 136
Piper,5258255102138128
Xavier,5483 6680 7065 6821
Ulric,5514 4428 0769 3520
Jordan,555696 4097540276
Nathaniel,537 90008 48657 682
Cedric,518741 976507 6316
Odessa,556039 6842177076
Wade,519750 429983 8493
Judah,5386 0499 9736 1696
Luke,5108 9675 5660 1144
Chancellor,5514999704122747
Autumn,5250480310090816
Clio,518 90634 44062 004
Maxwell,559330 035299 7593
Grace,549 15818 20240 228
Derek,5436765852663930
Allen,5205 6675 4346 2434
Whitney,530 76527 07809 544
Phoebe,510 01035 77046 691
Griffin,5554 4663 5731 9229
Victoria,510772 092958 7560
Reece,554515 426460 3313
Kermit,5443606782032591
Arden,540 11108 65992 276
Octavia,5372376309534173
Axel,5467 0936 9105 0728
Duncan,545059 4324601877
Sarah,548636 484872 3732
Bethany,5176 9687 7233 2925
Lacota,516809 827933 7126
Ryan,515569 654807 6204
Damian,514 92985 47216 243
Judah,512 69233 75319 705
Mia,5121675318996024
Aristotle,532444 500916 9371
Wesley,5563 4016 7013 7858
Vaughan,5382568002253766
Xander,547582 303677 8918
Acton,553729 186928 6399 
